@10000
00 02 00 20 79 09 01 00 7F 09 01 00 81 09 01 00 
83 09 01 00 83 09 01 00 83 09 01 00 00 00 00 00 
00 00 00 00 00 00 00 00 00 00 00 00 83 09 01 00 
83 09 01 00 00 00 00 00 83 09 01 00 83 09 01 00 
83 09 01 00 83 09 01 00 83 09 01 00 83 09 01 00 
83 09 01 00 83 09 01 00 83 09 01 00 83 09 01 00 
83 09 01 00 83 09 01 00 83 09 01 00 83 09 01 00 
83 09 01 00 83 09 01 00 83 09 01 00 83 09 01 00 
83 09 01 00 83 09 01 00 83 09 01 00 83 09 01 00 
83 09 01 00 83 09 01 00 83 09 01 00 83 09 01 00 
83 09 01 00 83 09 01 00 83 09 01 00 83 09 01 00 
83 09 01 00 83 09 01 00 F3 08 01 00 83 09 01 00 
83 09 01 00 83 09 01 00 83 09 01 00 83 09 01 00 
83 09 01 00 83 09 01 00 83 09 01 00 83 09 01 00 
83 09 01 00 00 00 00 00 00 00 00 00 83 09 01 00 
83 09 01 00 83 09 01 00 83 09 01 00 83 09 01 00 
83 09 01 00 83 09 01 00 83 09 01 00 83 09 01 00 
00 00 00 00 00 00 00 00 83 09 01 00 83 09 01 00 
83 09 01 00 83 09 01 00 83 09 01 00 83 09 01 00 
83 09 01 00 83 09 01 00 83 09 01 00 83 09 01 00 
00 00 00 00 00 00 00 00 00 00 00 00 00 00 00 00 
83 09 01 00 83 09 01 00 83 09 01 00 83 09 01 00 
00 00 00 00 00 00 00 00 00 00 00 00 00 00 00 00 
00 00 00 00 00 00 00 00 00 00 00 00 00 00 00 00 
00 00 00 00 00 00 00 00 00 00 00 00 00 00 00 00 
00 00 00 00 00 00 00 00 00 00 00 00 00 00 00 00 
00 00 00 00 00 00 00 00 00 00 00 00 00 00 00 00 
83 09 01 00 83 09 01 00 83 09 01 00 83 09 01 00 
83 09 01 00 83 09 01 00 83 09 01 00 83 09 01 00 
83 09 01 00 83 09 01 00 83 09 01 00 83 09 01 00 
83 09 01 00 83 09 01 00 83 09 01 00 00 00 00 00 
00 00 00 00 83 09 01 00 83 09 01 00 83 09 01 00 
83 09 01 00 83 09 01 00 00 00 00 00 00 00 00 00 
83 09 01 00 83 09 01 00 83 09 01 00 83 09 01 00 
83 09 01 00 83 09 01 00 83 09 01 00 83 09 01 00 
83 09 01 00 83 09 01 00 83 09 01 00 83 09 01 00 
83 09 01 00 83 09 01 00 83 09 01 00 83 09 01 00 
83 09 01 00 83 09 01 00 83 09 01 00 83 09 01 00 
83 09 01 00 83 09 01 00 83 09 01 00 08 B5 8D F8 
01 10 8D F8 00 00 9D F8 00 00 81 10 00 EB 51 70 
C0 10 8D F8 02 00 9D F8 02 00 00 F0 71 FA 9D F8 
00 00 81 10 00 EB 51 71 21 F0 07 01 40 1A 8D F8 
03 00 9D F8 02 20 D5 49 9D F8 02 30 D0 00 00 EB 
02 10 09 58 D1 4A D8 00 00 EB 03 10 09 68 12 58 
9D F8 03 30 01 20 98 40 81 43 11 60 CC 4A CD 49 
9D F8 02 30 D8 00 00 EB 03 10 10 58 01 60 CA 49 
9D F8 02 20 9D F8 02 30 D0 00 00 EB 02 10 C6 4A 
09 58 D8 00 00 EB 03 10 09 68 12 58 9D F8 03 30 
01 20 98 40 08 43 10 60 BF E0 9D F8 02 20 DF 49 
9D F8 02 30 D0 00 00 EB 02 10 09 58 DB 4A 09 68 
D8 00 00 EB 03 10 9D F8 03 30 12 58 01 20 98 40 
08 43 10 60 9D F8 02 20 D5 49 9D F8 02 30 D0 00 
00 EB 02 10 D2 4A 09 58 D8 00 00 EB 03 10 09 68 
9D F8 03 30 12 58 01 20 98 40 81 43 11 60 CD 49 
9D F8 02 20 9D F8 02 30 D0 00 00 EB 02 10 C9 4A 
09 58 D8 00 00 EB 03 10 09 68 9D F8 03 30 12 58 
01 20 98 40 81 43 11 60 89 E0 9D F8 02 20 BF 49 
9D F8 02 30 D0 00 00 EB 02 10 09 58 BB 4A 09 68 
D8 00 00 EB 03 10 9D F8 03 30 12 58 01 20 98 40 
81 43 11 60 9D F8 02 20 B5 49 9D F8 02 30 D0 00 
00 EB 02 10 B2 4A 09 58 D8 00 00 EB 03 10 09 68 
9D F8 03 30 12 58 01 20 98 40 81 43 11 60 AD 49 
9D F8 02 20 9D F8 02 30 D0 00 00 EB 02 10 A9 4A 
09 58 D8 00 00 EB 03 10 09 68 9D F8 03 30 12 58 
01 20 98 40 81 43 11 60 49 E0 9D F8 02 20 9F 49 
9D F8 02 30 D0 00 00 EB 02 10 09 58 9B 4A 09 68 
D8 00 00 EB 03 10 9D F8 03 30 12 58 01 20 98 40 
81 43 11 60 9D F8 02 20 95 49 9D F8 02 30 D0 00 
00 EB 02 10 92 4A 09 58 D8 00 00 EB 03 10 09 68 
9D F8 03 30 12 58 01 20 98 40 08 43 10 60 8D 49 
9D F8 02 20 9D F8 02 30 D0 00 00 EB 02 10 89 4A 
09 58 D8 00 00 EB 03 10 09 68 9D F8 03 30 12 58 
01 20 98 40 81 43 11 60 09 E0 9D F8 01 00 00 28 
3F F4 3B AF 40 1E 3F F4 78 AF 40 1E B5 D0 9D F8 
02 20 56 49 9D F8 02 30 D0 00 00 EB 02 10 09 58 
52 4A 09 68 D8 00 00 EB 03 10 9D F8 03 30 12 58 
01 20 98 40 08 43 10 60 08 BD 0E B5 8D F8 04 10 
00 90 04 20 8D F8 05 00 00 20 8D F8 06 00 3F E1 
00 98 9D F8 06 10 08 5C 81 10 00 EB 51 70 C0 10 
8D F8 08 00 9D F8 08 00 00 F0 3A F9 00 98 9D F8 
06 10 08 5C 81 10 00 EB 51 71 21 F0 07 01 40 1A 
8D F8 09 00 9D F8 08 20 38 49 9D F8 08 30 D0 00 
00 EB 02 10 09 58 35 4A D8 00 00 EB 03 10 09 68 
9D F8 09 30 12 58 01 20 98 40 81 43 11 60 9D F8 
08 30 2F 4A 2F 49 D8 00 00 EB 03 10 10 58 01 60 
2D 49 9D F8 08 20 9D F8 08 30 D0 00 00 EB 02 10 
29 4A 09 58 D8 00 00 EB 03 10 09 68 9D F8 09 30 
12 58 01 20 98 40 08 43 10 60 CD E0 9D F8 08 20 
42 49 9D F8 08 30 D0 00 00 EB 02 10 09 58 3F 4A 
09 68 D8 00 00 EB 03 10 9D F8 09 30 12 58 01 20 
98 40 08 43 10 60 9D F8 08 20 39 49 9D F8 08 30 
D0 00 00 EB 02 10 36 4A 09 58 D8 00 00 EB 03 10 
09 68 9D F8 09 30 12 58 01 20 98 40 81 43 11 60 
30 49 9D F8 08 20 9D F8 08 30 D0 00 00 EB 02 10 
2C 4A 09 58 D8 00 00 EB 03 10 09 68 9D F8 09 30 
12 58 01 20 98 40 81 43 11 60 97 E0 9C 09 01 00 
8C 09 01 00 4B 43 4F 4C 90 09 01 00 9D F8 08 20 
1E 49 9D F8 08 30 D0 00 00 EB 02 10 09 58 1B 4A 
09 68 D8 00 00 EB 03 10 9D F8 09 30 12 58 01 20 
98 40 81 43 11 60 9D F8 08 20 15 49 9D F8 08 30 
D0 00 00 EB 02 10 12 4A 09 58 D8 00 00 EB 03 10 
09 68 9D F8 09 30 12 58 01 20 98 40 81 43 11 60 
0C 49 9D F8 08 20 9D F8 08 30 D0 00 00 EB 02 10 
08 4A 09 58 D8 00 00 EB 03 10 09 68 9D F8 09 30 
12 58 01 20 98 40 81 43 11 60 4F E0 94 09 01 00 
98 09 01 00 A0 09 01 00 9D F8 08 20 75 49 9D F8 
08 30 D0 00 00 EB 02 10 09 58 72 4A 09 68 D8 00 
00 EB 03 10 9D F8 09 30 12 58 01 20 98 40 81 43 
11 60 9D F8 08 20 6C 49 9D F8 08 30 D0 00 00 EB 
02 10 69 4A 09 58 D8 00 00 EB 03 10 09 68 9D F8 
09 30 12 58 01 20 98 40 08 43 10 60 63 49 9D F8 
08 20 9D F8 08 30 D0 00 00 EB 02 10 5F 4A 09 58 
D8 00 00 EB 03 10 09 68 9D F8 09 30 12 58 01 20 
98 40 81 43 11 60 09 E0 9D F8 04 00 00 28 3F F4 
2D AF 40 1E 3F F4 72 AF 40 1E B5 D0 9D F8 08 20 
53 49 9D F8 08 30 D0 00 00 EB 02 10 09 58 50 4A 
09 68 D8 00 00 EB 03 10 9D F8 09 30 12 58 01 20 
98 40 08 43 10 60 9D F8 06 00 40 1C 8D F8 06 00 
9D F8 05 00 9D F8 06 10 88 42 3F F7 B9 AE 0E BD 
AD F1 08 0D 8D F8 00 00 42 48 9D F8 00 10 00 68 
C8 40 40 08 09 D2 3F 48 9D F8 00 30 02 68 3D 49 
01 20 98 40 10 43 08 60 FF E7 02 B0 70 47 AD F1 
08 0D 8D F8 01 10 8D F8 00 00 9D F8 00 00 81 10 
00 EB 51 70 C0 10 8D F8 02 00 9D F8 00 00 81 10 
00 EB 51 71 21 F0 07 01 40 1A 8D F8 03 00 9D F8 
01 00 A8 B9 9D F8 02 20 28 49 9D F8 02 30 D0 00 
00 EB 02 10 09 58 25 4A 09 68 D8 00 00 EB 03 10 
9D F8 03 30 12 58 01 20 98 40 81 43 11 60 14 E0 
9D F8 02 20 1D 49 9D F8 02 30 D0 00 00 EB 02 10 
09 58 1A 4A 09 68 D8 00 00 EB 03 10 9D F8 03 30 
12 58 01 20 98 40 08 43 10 60 02 B0 70 47 AD F1 
08 0D 8D F8 01 10 8D F8 00 00 9D F8 01 00 58 B9 
9D F8 00 20 0D 49 D0 00 00 EB 02 10 09 58 08 68 
00 F0 FF 00 08 60 0A E0 9D F8 00 20 07 49 D0 00 
00 EB 02 10 09 58 08 68 40 F0 FF 00 08 60 02 B0 
70 47 C0 46 94 09 01 00 98 09 01 00 A0 09 01 00 
9C 09 01 00 08 E6 0F 40 08 B5 28 20 02 21 FF F7 
ED FC 29 20 00 21 FF F7 E9 FC 2A 20 00 21 FF F7 
E5 FC 2B 20 00 21 FF F7 E1 FC 2C 20 02 21 FF F7 
DD FC 1F 49 08 68 40 F0 80 40 08 60 1D 49 08 68 
08 60 1D 49 08 68 08 60 1C 49 08 68 40 F0 11 00 
08 60 1B 49 08 68 40 F0 11 00 08 60 19 49 08 68 
20 F0 0E 00 08 60 17 49 08 68 40 F0 08 00 08 60 
FE E7 15 48 00 68 40 09 0A D3 12 49 08 68 40 F0 
08 00 08 60 0D 49 08 68 40 F0 10 00 08 60 0D E0 
0D 48 00 68 40 08 09 D3 0A 49 08 68 20 F0 08 00 
08 60 06 49 08 68 40 F0 01 00 08 60 70 47 C0 46 
00 E1 00 E0 04 54 02 40 0C 54 02 40 1C 54 02 40 
10 54 02 40 FC 53 02 40 18 54 02 40 08 48 80 F3 
08 88 08 49 08 68 40 F4 70 00 08 60 00 BF 00 BF 
00 F0 10 F8 00 20 FF F7 8F FF 01 20 00 F0 0C F8 
00 02 00 20 88 ED 00 E0 FF F7 E8 BF 70 47 FE E7 
FE E7 FE E7 01 20 70 47 00 BF FE E7 20 45 00 40 
24 45 00 40 00 44 00 40 10 45 00 40 1C 45 00 40 
FC 43 00 40 20 55 00 40 24 55 00 40 00 54 00 40 
10 55 00 40 1C 55 00 40 FC 53 00 40 20 65 00 40 
24 65 00 40 00 64 00 40 10 65 00 40 1C 65 00 40 
FC 63 00 40 20 75 00 40 24 75 00 40 00 74 00 40 
10 75 00 40 1C 75 00 40 FC 73 00 40 20 45 02 40 
24 45 02 40 00 44 02 40 10 45 02 40 1C 45 02 40 
FC 43 02 40 20 55 02 40 24 55 02 40 00 54 02 40 
10 55 02 40 1C 55 02 40 FC 53 02 40 
q
