@10000
00 02 00 20 3B 05 01 00 41 05 01 00 43 05 01 00 
45 05 01 00 45 05 01 00 45 05 01 00 00 00 00 00 
00 00 00 00 00 00 00 00 00 00 00 00 45 05 01 00 
45 05 01 00 00 00 00 00 45 05 01 00 45 05 01 00 
45 05 01 00 45 05 01 00 45 05 01 00 45 05 01 00 
45 05 01 00 45 05 01 00 45 05 01 00 45 05 01 00 
45 05 01 00 45 05 01 00 45 05 01 00 45 05 01 00 
45 05 01 00 45 05 01 00 45 05 01 00 45 05 01 00 
45 05 01 00 45 05 01 00 45 05 01 00 45 05 01 00 
45 05 01 00 45 05 01 00 45 05 01 00 45 05 01 00 
45 05 01 00 45 05 01 00 45 05 01 00 45 05 01 00 
45 05 01 00 45 05 01 00 45 05 01 00 45 05 01 00 
45 05 01 00 45 05 01 00 45 05 01 00 45 05 01 00 
45 05 01 00 45 05 01 00 45 05 01 00 45 05 01 00 
45 05 01 00 00 00 00 00 00 00 00 00 45 05 01 00 
45 05 01 00 45 05 01 00 45 05 01 00 45 05 01 00 
45 05 01 00 45 05 01 00 45 05 01 00 45 05 01 00 
00 00 00 00 00 00 00 00 45 05 01 00 45 05 01 00 
45 05 01 00 45 05 01 00 45 05 01 00 45 05 01 00 
45 05 01 00 45 05 01 00 45 05 01 00 45 05 01 00 
00 00 00 00 00 00 00 00 00 00 00 00 00 00 00 00 
45 05 01 00 45 05 01 00 45 05 01 00 45 05 01 00 
00 00 00 00 00 00 00 00 00 00 00 00 00 00 00 00 
00 00 00 00 00 00 00 00 00 00 00 00 00 00 00 00 
00 00 00 00 00 00 00 00 00 00 00 00 00 00 00 00 
00 00 00 00 00 00 00 00 00 00 00 00 00 00 00 00 
00 00 00 00 00 00 00 00 00 00 00 00 00 00 00 00 
45 05 01 00 45 05 01 00 45 05 01 00 45 05 01 00 
45 05 01 00 45 05 01 00 45 05 01 00 45 05 01 00 
45 05 01 00 45 05 01 00 45 05 01 00 45 05 01 00 
45 05 01 00 45 05 01 00 45 05 01 00 00 00 00 00 
00 00 00 00 45 05 01 00 45 05 01 00 45 05 01 00 
45 05 01 00 45 05 01 00 00 00 00 00 00 00 00 00 
45 05 01 00 45 05 01 00 45 05 01 00 45 05 01 00 
45 05 01 00 45 05 01 00 45 05 01 00 45 05 01 00 
45 05 01 00 45 05 01 00 45 05 01 00 45 05 01 00 
45 05 01 00 45 05 01 00 45 05 01 00 45 05 01 00 
45 05 01 00 45 05 01 00 45 05 01 00 45 05 01 00 
45 05 01 00 45 05 01 00 45 05 01 00 2D E9 F0 47 
84 46 1F 46 56 48 DF F8 54 91 DF F8 58 81 03 68 
09 EA 03 03 98 45 1B D0 00 24 4F F0 01 0A 4F F0 
03 0E 0A FA 04 F3 19 42 0F D0 DC F8 C4 3F 66 00 
0E FA 06 F5 AB 43 CC F8 C4 3F DC F8 C4 5F C2 F3 
41 13 B3 40 2B 43 CC F8 C4 3F 64 1C 08 2C E8 DB 
53 08 27 BF DC F8 00 35 0B 43 DC F8 00 35 8B 43 
CC F8 00 35 93 08 27 BF DC F8 04 35 0B 43 DC F8 
04 35 8B 43 CC F8 04 35 D3 08 27 BF DC F8 08 35 
0B 43 DC F8 08 35 8B 43 CC F8 08 35 13 09 27 BF 
DC F8 18 35 0B 43 DC F8 18 35 8B 43 CC F8 18 35 
03 68 4C 46 45 46 23 40 9D 42 09 D0 52 09 27 BF 
DC F8 3C 25 0A 43 DC F8 3C 25 8A 43 CC F8 3C 25 
7A 08 27 BF DC F8 0C 25 0A 43 DC F8 0C 25 8A 43 
CC F8 0C 25 BA 08 27 BF DC F8 10 25 0A 43 DC F8 
10 25 8A 43 CC F8 10 25 FA 08 27 BF DC F8 14 25 
0A 43 DC F8 14 25 8A 43 CC F8 14 25 3A 09 27 BF 
DC F8 1C 25 0A 43 DC F8 1C 25 8A 43 CC F8 1C 25 
00 68 04 40 A5 42 14 D0 B8 0A 27 BF DC F8 44 05 
08 43 DC F8 44 05 88 43 17 F4 40 7F CC F8 44 05 
19 BF DC F8 40 05 08 43 DC F8 40 05 88 43 CC F8 
40 05 00 2F 19 BF DC F8 28 05 20 EA 01 01 DC F8 
28 05 01 43 CC F8 28 15 BD E8 F0 87 00 00 FF 70 
00 E0 0F 40 00 00 05 10 08 B5 1D 48 00 F0 5A F8 
1B 48 00 F0 3B F8 00 28 FA D0 1A 48 08 21 00 F0 
97 F8 18 48 02 21 00 22 00 F0 A5 F8 15 48 04 21 
00 22 00 F0 A0 F8 13 48 08 21 08 22 00 F0 9B F8 
00 20 00 90 10 49 00 98 81 42 06 D9 00 98 40 1C 
00 90 0D 49 00 98 81 42 F8 D8 0A 48 08 21 00 22 
00 F0 89 F8 00 20 00 90 07 49 00 98 81 42 E2 D9 
00 98 40 1C 00 90 04 49 00 98 81 42 F8 D8 DA E7 
05 08 00 F0 00 50 02 40 40 0D 03 00 0C 4A C1 08 
C0 F3 07 23 01 F4 FF 51 00 F0 FF 00 A1 F5 30 31 
D2 18 21 F0 7E 41 12 0F 41 EA 02 71 41 EA 80 01 
41 F0 00 70 01 68 00 20 01 B1 01 20 70 47 C0 46 
00 EA 0F 40 0B 4A C1 08 C0 F3 07 23 01 F4 FF 51 
00 F0 FF 00 A1 F5 50 31 D2 18 21 F0 7E 41 12 0F 
41 EA 02 71 01 22 41 EA 80 01 41 F0 00 70 02 60 
70 47 C0 46 00 E6 0F 40 53 08 27 BF D0 F8 00 34 
0B 43 D0 F8 00 34 8B 43 92 08 C0 F8 00 34 27 BF 
D0 F8 20 24 11 43 D0 F8 20 24 22 EA 01 01 C0 F8 
20 14 70 47 08 48 80 F3 08 88 08 49 08 68 40 F4 
70 00 08 60 00 BF 00 BF 00 F0 20 F8 00 20 FF F7 
63 FF 01 20 00 F0 1C F8 00 02 00 20 88 ED 00 E0 
38 B5 01 22 0C 46 05 46 08 23 FF F7 9F FE 01 22 
21 46 28 46 FF F7 C8 FF 38 BD FF F7 DB BF 70 47 
FE E7 FE E7 FE E7 40 F8 21 20 70 47 01 20 70 47 
00 BF FE E7 
q
